image_width: 1280
image_height: 1024
camera_name: narrow_stereo
camera_matrix:
  rows: 3
  cols: 3
  data: [1563.61752286606,    0.     ,  617.907197121760,
            0.     , 1557.09704588643,  483.018786844776,
            0.     ,    0.     ,    1.     ]
distortion_model: plumb_bob
distortion_coefficients:
  rows: 1
  cols: 5
  data: [-0.0862276973709766, 0.141884667148001, -0.00375099756123237, -0.00108651510267981, -0.891460621680026]
rectification_matrix:
  rows: 3
  cols: 3
  data: [1., 0., 0.,
         0., 1., 0.,
         0., 0., 1.]
projection_matrix:
  rows: 3
  cols: 4
  data: [1.53814929e+03, 0.00000000e+00, 6.15528718e+02 , 0.00000000e+00,
         0.00000000e+00, 1.54060730e+03, 4.80010305e+02 , 0.00000000e+00,
         0.00000000e+00, 0.00000000e+00, 1.00000000e+00 , 0.00000000e+00 ]
            
 
